
val(:,:,1,1) =

                         0                         0                         0        0.0184538731537386                         0                         0                         0
                         0        0.0170235175626958        0.0216280163065713        0.0237219832748757        0.0216280163065713        0.0170235175626958                         0
                         0        0.0216280163065713        0.0274667776308939        0.0301371755698352        0.0274667776308939        0.0216280163065713                         0
        0.0184538731537386        0.0237219832748757        0.0301371755698352        0.0330129155060603        0.0301371755698352        0.0237219832748757        0.0184538731537386
                         0        0.0216280163065713        0.0274667776308939        0.0301371755698352        0.0274667776308939        0.0216280163065713                         0
                         0        0.0170235175626958        0.0216280163065713        0.0237219832748757        0.0216280163065713        0.0170235175626958                         0
                         0                         0                         0        0.0184538731537386                         0                         0                         0


val(:,:,2,1) =

     0     0     0     0     0     0     0
     0     0     0     0     0     0     0
     0     0     0     0     0     0     0
     0     0     0     0     0     0     0
     0     0     0     0     0     0     0
     0     0     0     0     0     0     0
     0     0     0     0     0     0     0


val(:,:,3,1) =

     0     0     0     0     0     0     0
     0     0     0     0     0     0     0
     0     0     0     0     0     0     0
     0     0     0     0     0     0     0
     0     0     0     0     0     0     0
     0     0     0     0     0     0     0
     0     0     0     0     0     0     0


val(:,:,4,1) =

     0     0     0     0     0     0     0
     0     0     0     0     0     0     0
     0     0     0     0     0     0     0
     0     0     0     0     0     0     0
     0     0     0     0     0     0     0
     0     0     0     0     0     0     0
     0     0     0     0     0     0     0


val(:,:,5,1) =

     0     0     0     0     0     0     0
     0     0     0     0     0     0     0
     0     0     0     0     0     0     0
     0     0     0     0     0     0     0
     0     0     0     0     0     0     0
     0     0     0     0     0     0     0
     0     0     0     0     0     0     0


val(:,:,6,1) =

     0     0     0     0     0     0     0
     0     0     0     0     0     0     0
     0     0     0     0     0     0     0
     0     0     0     0     0     0     0
     0     0     0     0     0     0     0
     0     0     0     0     0     0     0
     0     0     0     0     0     0     0


val(:,:,7,1) =

     0     0     0     0     0     0     0
     0     0     0     0     0     0     0
     0     0     0     0     0     0     0
     0     0     0     0     0     0     0
     0     0     0     0     0     0     0
     0     0     0     0     0     0     0
     0     0     0     0     0     0     0


val(:,:,8,1) =

     0     0     0     0     0     0     0
     0     0     0     0     0     0     0
     0     0     0     0     0     0     0
     0     0     0     0     0     0     0
     0     0     0     0     0     0     0
     0     0     0     0     0     0     0
     0     0     0     0     0     0     0


val(:,:,1,2) =

     0     0     0     0     0     0     0
     0     0     0     0     0     0     0
     0     0     0     0     0     0     0
     0     0     0     0     0     0     0
     0     0     0     0     0     0     0
     0     0     0     0     0     0     0
     0     0     0     0     0     0     0


val(:,:,2,2) =

                         0                         0                         0        0.0180897904807406                         0                         0                         0
                         0        0.0166346286481748        0.0219027254511167        0.0243101050599646        0.0219027254511167        0.0166346286481748                         0
                         0        0.0219027254511167        0.0288274910862725        0.0320078167918528        0.0288274910862725        0.0219027254511167                         0
        0.0180897904807406        0.0243101050599646        0.0320078167918528        0.0354806652456791        0.0320078167918528        0.0243101050599646        0.0180897904807406
                         0        0.0219027254511167        0.0288274910862725        0.0320078167918528        0.0288274910862725        0.0219027254511167                         0
                         0        0.0166346286481748        0.0219027254511167        0.0243101050599646        0.0219027254511167        0.0166346286481748                         0
                         0                         0                         0        0.0180897904807406                         0                         0                         0


val(:,:,3,2) =

     0     0     0     0     0     0     0
     0     0     0     0     0     0     0
     0     0     0     0     0     0     0
     0     0     0     0     0     0     0
     0     0     0     0     0     0     0
     0     0     0     0     0     0     0
     0     0     0     0     0     0     0


val(:,:,4,2) =

     0     0     0     0     0     0     0
     0     0     0     0     0     0     0
     0     0     0     0     0     0     0
     0     0     0     0     0     0     0
     0     0     0     0     0     0     0
     0     0     0     0     0     0     0
     0     0     0     0     0     0     0


val(:,:,5,2) =

     0     0     0     0     0     0     0
     0     0     0     0     0     0     0
     0     0     0     0     0     0     0
     0     0     0     0     0     0     0
     0     0     0     0     0     0     0
     0     0     0     0     0     0     0
     0     0     0     0     0     0     0


val(:,:,6,2) =

     0     0     0     0     0     0     0
     0     0     0     0     0     0     0
     0     0     0     0     0     0     0
     0     0     0     0     0     0     0
     0     0     0     0     0     0     0
     0     0     0     0     0     0     0
     0     0     0     0     0     0     0


val(:,:,7,2) =

     0     0     0     0     0     0     0
     0     0     0     0     0     0     0
     0     0     0     0     0     0     0
     0     0     0     0     0     0     0
     0     0     0     0     0     0     0
     0     0     0     0     0     0     0
     0     0     0     0     0     0     0


val(:,:,8,2) =

     0     0     0     0     0     0     0
     0     0     0     0     0     0     0
     0     0     0     0     0     0     0
     0     0     0     0     0     0     0
     0     0     0     0     0     0     0
     0     0     0     0     0     0     0
     0     0     0     0     0     0     0


val(:,:,1,3) =

     0     0     0     0     0     0     0
     0     0     0     0     0     0     0
     0     0     0     0     0     0     0
     0     0     0     0     0     0     0
     0     0     0     0     0     0     0
     0     0     0     0     0     0     0
     0     0     0     0     0     0     0


val(:,:,2,3) =

     0     0     0     0     0     0     0
     0     0     0     0     0     0     0
     0     0     0     0     0     0     0
     0     0     0     0     0     0     0
     0     0     0     0     0     0     0
     0     0     0     0     0     0     0
     0     0     0     0     0     0     0


val(:,:,3,3) =

                         0                         0                         0        0.0180200807851864                         0                         0                         0
                         0        0.0165667172147116        0.0219483343675716        0.0244098388505089        0.0219483343675716        0.0165667172147116                         0
                         0        0.0219483343675716        0.0290663376545526        0.0323380768285236        0.0290663376545526        0.0219483343675716                         0
        0.0180200807851865        0.0244098388505089        0.0323380768285236        0.0359190265452305        0.0323380768285236        0.0244098388505089        0.0180200807851865
                         0        0.0219483343675716        0.0290663376545526        0.0323380768285236        0.0290663376545526        0.0219483343675716                         0
                         0        0.0165667172147116        0.0219483343675716        0.0244098388505089        0.0219483343675716        0.0165667172147116                         0
                         0                         0                         0        0.0180200807851864                         0                         0                         0


val(:,:,4,3) =

     0     0     0     0     0     0     0
     0     0     0     0     0     0     0
     0     0     0     0     0     0     0
     0     0     0     0     0     0     0
     0     0     0     0     0     0     0
     0     0     0     0     0     0     0
     0     0     0     0     0     0     0


val(:,:,5,3) =

     0     0     0     0     0     0     0
     0     0     0     0     0     0     0
     0     0     0     0     0     0     0
     0     0     0     0     0     0     0
     0     0     0     0     0     0     0
     0     0     0     0     0     0     0
     0     0     0     0     0     0     0


val(:,:,6,3) =

     0     0     0     0     0     0     0
     0     0     0     0     0     0     0
     0     0     0     0     0     0     0
     0     0     0     0     0     0     0
     0     0     0     0     0     0     0
     0     0     0     0     0     0     0
     0     0     0     0     0     0     0


val(:,:,7,3) =

     0     0     0     0     0     0     0
     0     0     0     0     0     0     0
     0     0     0     0     0     0     0
     0     0     0     0     0     0     0
     0     0     0     0     0     0     0
     0     0     0     0     0     0     0
     0     0     0     0     0     0     0


val(:,:,8,3) =

     0     0     0     0     0     0     0
     0     0     0     0     0     0     0
     0     0     0     0     0     0     0
     0     0     0     0     0     0     0
     0     0     0     0     0     0     0
     0     0     0     0     0     0     0
     0     0     0     0     0     0     0


val(:,:,1,4) =

     0     0     0     0     0     0     0
     0     0     0     0     0     0     0
     0     0     0     0     0     0     0
     0     0     0     0     0     0     0
     0     0     0     0     0     0     0
     0     0     0     0     0     0     0
     0     0     0     0     0     0     0


val(:,:,2,4) =

     0     0     0     0     0     0     0
     0     0     0     0     0     0     0
     0     0     0     0     0     0     0
     0     0     0     0     0     0     0
     0     0     0     0     0     0     0
     0     0     0     0     0     0     0
     0     0     0     0     0     0     0


val(:,:,3,4) =

     0     0     0     0     0     0     0
     0     0     0     0     0     0     0
     0     0     0     0     0     0     0
     0     0     0     0     0     0     0
     0     0     0     0     0     0     0
     0     0     0     0     0     0     0
     0     0     0     0     0     0     0


val(:,:,4,4) =

                         0                         0                         0        0.0181568396730639                         0                         0                         0
                         0        0.0167016302211431        0.0218570100446233        0.0242108090122623        0.0218570100446233        0.0167016302211431                         0
                         0        0.0218570100446233        0.0285921147141064        0.0316829314115123        0.0285921147141064        0.0218570100446233                         0
        0.0181568396730639        0.0242108090122623        0.0316829314115123         0.035050234848482        0.0316829314115123        0.0242108090122623        0.0181568396730639
                         0        0.0218570100446233        0.0285921147141064        0.0316829314115123        0.0285921147141064        0.0218570100446233                         0
                         0        0.0167016302211431        0.0218570100446233        0.0242108090122623        0.0218570100446233        0.0167016302211431                         0
                         0                         0                         0        0.0181568396730639                         0                         0                         0


val(:,:,5,4) =

     0     0     0     0     0     0     0
     0     0     0     0     0     0     0
     0     0     0     0     0     0     0
     0     0     0     0     0     0     0
     0     0     0     0     0     0     0
     0     0     0     0     0     0     0
     0     0     0     0     0     0     0


val(:,:,6,4) =

     0     0     0     0     0     0     0
     0     0     0     0     0     0     0
     0     0     0     0     0     0     0
     0     0     0     0     0     0     0
     0     0     0     0     0     0     0
     0     0     0     0     0     0     0
     0     0     0     0     0     0     0


val(:,:,7,4) =

     0     0     0     0     0     0     0
     0     0     0     0     0     0     0
     0     0     0     0     0     0     0
     0     0     0     0     0     0     0
     0     0     0     0     0     0     0
     0     0     0     0     0     0     0
     0     0     0     0     0     0     0


val(:,:,8,4) =

     0     0     0     0     0     0     0
     0     0     0     0     0     0     0
     0     0     0     0     0     0     0
     0     0     0     0     0     0     0
     0     0     0     0     0     0     0
     0     0     0     0     0     0     0
     0     0     0     0     0     0     0


val(:,:,1,5) =

     0     0     0     0     0     0     0
     0     0     0     0     0     0     0
     0     0     0     0     0     0     0
     0     0     0     0     0     0     0
     0     0     0     0     0     0     0
     0     0     0     0     0     0     0
     0     0     0     0     0     0     0


val(:,:,2,5) =

     0     0     0     0     0     0     0
     0     0     0     0     0     0     0
     0     0     0     0     0     0     0
     0     0     0     0     0     0     0
     0     0     0     0     0     0     0
     0     0     0     0     0     0     0
     0     0     0     0     0     0     0


val(:,:,3,5) =

     0     0     0     0     0     0     0
     0     0     0     0     0     0     0
     0     0     0     0     0     0     0
     0     0     0     0     0     0     0
     0     0     0     0     0     0     0
     0     0     0     0     0     0     0
     0     0     0     0     0     0     0


val(:,:,4,5) =

     0     0     0     0     0     0     0
     0     0     0     0     0     0     0
     0     0     0     0     0     0     0
     0     0     0     0     0     0     0
     0     0     0     0     0     0     0
     0     0     0     0     0     0     0
     0     0     0     0     0     0     0


val(:,:,5,5) =

                         0                         0                         0        0.0179476634155204                         0                         0                         0
                         0        0.0164978784849902        0.0219938001698982        0.0245099773904253        0.0219938001698982        0.0164978784849902                         0
                         0        0.0219938001698982        0.0293086683895478        0.0326737703743732        0.0293086683895478        0.0219938001698982                         0
        0.0179476634155204        0.0245099773904253        0.0326737703743732        0.0363654455984692        0.0326737703743732        0.0245099773904253        0.0179476634155204
                         0        0.0219938001698982        0.0293086683895478        0.0326737703743732        0.0293086683895478        0.0219938001698982                         0
                         0        0.0164978784849902        0.0219938001698982        0.0245099773904253        0.0219938001698982        0.0164978784849902                         0
                         0                         0                         0        0.0179476634155204                         0                         0                         0


val(:,:,6,5) =

     0     0     0     0     0     0     0
     0     0     0     0     0     0     0
     0     0     0     0     0     0     0
     0     0     0     0     0     0     0
     0     0     0     0     0     0     0
     0     0     0     0     0     0     0
     0     0     0     0     0     0     0


val(:,:,7,5) =

     0     0     0     0     0     0     0
     0     0     0     0     0     0     0
     0     0     0     0     0     0     0
     0     0     0     0     0     0     0
     0     0     0     0     0     0     0
     0     0     0     0     0     0     0
     0     0     0     0     0     0     0


val(:,:,8,5) =

     0     0     0     0     0     0     0
     0     0     0     0     0     0     0
     0     0     0     0     0     0     0
     0     0     0     0     0     0     0
     0     0     0     0     0     0     0
     0     0     0     0     0     0     0
     0     0     0     0     0     0     0


val(:,:,1,6) =

     0     0     0     0     0     0     0
     0     0     0     0     0     0     0
     0     0     0     0     0     0     0
     0     0     0     0     0     0     0
     0     0     0     0     0     0     0
     0     0     0     0     0     0     0
     0     0     0     0     0     0     0


val(:,:,2,6) =

     0     0     0     0     0     0     0
     0     0     0     0     0     0     0
     0     0     0     0     0     0     0
     0     0     0     0     0     0     0
     0     0     0     0     0     0     0
     0     0     0     0     0     0     0
     0     0     0     0     0     0     0


val(:,:,3,6) =

     0     0     0     0     0     0     0
     0     0     0     0     0     0     0
     0     0     0     0     0     0     0
     0     0     0     0     0     0     0
     0     0     0     0     0     0     0
     0     0     0     0     0     0     0
     0     0     0     0     0     0     0


val(:,:,4,6) =

     0     0     0     0     0     0     0
     0     0     0     0     0     0     0
     0     0     0     0     0     0     0
     0     0     0     0     0     0     0
     0     0     0     0     0     0     0
     0     0     0     0     0     0     0
     0     0     0     0     0     0     0


val(:,:,5,6) =

     0     0     0     0     0     0     0
     0     0     0     0     0     0     0
     0     0     0     0     0     0     0
     0     0     0     0     0     0     0
     0     0     0     0     0     0     0
     0     0     0     0     0     0     0
     0     0     0     0     0     0     0


val(:,:,6,6) =

                         0                         0                         0        0.0180200807851864                         0                         0                         0
                         0        0.0165667172147116        0.0219483343675716        0.0244098388505089        0.0219483343675716        0.0165667172147116                         0
                         0        0.0219483343675716        0.0290663376545526        0.0323380768285236        0.0290663376545526        0.0219483343675716                         0
        0.0180200807851865        0.0244098388505089        0.0323380768285236        0.0359190265452305        0.0323380768285236        0.0244098388505089        0.0180200807851865
                         0        0.0219483343675716        0.0290663376545526        0.0323380768285236        0.0290663376545526        0.0219483343675716                         0
                         0        0.0165667172147116        0.0219483343675716        0.0244098388505089        0.0219483343675716        0.0165667172147116                         0
                         0                         0                         0        0.0180200807851864                         0                         0                         0


val(:,:,7,6) =

     0     0     0     0     0     0     0
     0     0     0     0     0     0     0
     0     0     0     0     0     0     0
     0     0     0     0     0     0     0
     0     0     0     0     0     0     0
     0     0     0     0     0     0     0
     0     0     0     0     0     0     0


val(:,:,8,6) =

     0     0     0     0     0     0     0
     0     0     0     0     0     0     0
     0     0     0     0     0     0     0
     0     0     0     0     0     0     0
     0     0     0     0     0     0     0
     0     0     0     0     0     0     0
     0     0     0     0     0     0     0


val(:,:,1,7) =

     0     0     0     0     0     0     0
     0     0     0     0     0     0     0
     0     0     0     0     0     0     0
     0     0     0     0     0     0     0
     0     0     0     0     0     0     0
     0     0     0     0     0     0     0
     0     0     0     0     0     0     0


val(:,:,2,7) =

     0     0     0     0     0     0     0
     0     0     0     0     0     0     0
     0     0     0     0     0     0     0
     0     0     0     0     0     0     0
     0     0     0     0     0     0     0
     0     0     0     0     0     0     0
     0     0     0     0     0     0     0


val(:,:,3,7) =

     0     0     0     0     0     0     0
     0     0     0     0     0     0     0
     0     0     0     0     0     0     0
     0     0     0     0     0     0     0
     0     0     0     0     0     0     0
     0     0     0     0     0     0     0
     0     0     0     0     0     0     0


val(:,:,4,7) =

     0     0     0     0     0     0     0
     0     0     0     0     0     0     0
     0     0     0     0     0     0     0
     0     0     0     0     0     0     0
     0     0     0     0     0     0     0
     0     0     0     0     0     0     0
     0     0     0     0     0     0     0


val(:,:,5,7) =

     0     0     0     0     0     0     0
     0     0     0     0     0     0     0
     0     0     0     0     0     0     0
     0     0     0     0     0     0     0
     0     0     0     0     0     0     0
     0     0     0     0     0     0     0
     0     0     0     0     0     0     0


val(:,:,6,7) =

     0     0     0     0     0     0     0
     0     0     0     0     0     0     0
     0     0     0     0     0     0     0
     0     0     0     0     0     0     0
     0     0     0     0     0     0     0
     0     0     0     0     0     0     0
     0     0     0     0     0     0     0


val(:,:,7,7) =

                         0                         0                         0         0.018342505686589                         0                         0                         0
                         0          0.01689733214053        0.0217195690122386        0.0239158626425963        0.0217195690122386          0.01689733214053                         0
                         0        0.0217195690122386        0.0279066627155621        0.0307399587496843        0.0279066627155621        0.0217195690122386                         0
         0.018342505686589        0.0239158626425963        0.0307399587496843        0.0338053278998596        0.0307399587496843        0.0239158626425963         0.018342505686589
                         0        0.0217195690122386        0.0279066627155621        0.0307399587496843        0.0279066627155621        0.0217195690122386                         0
                         0          0.01689733214053        0.0217195690122386        0.0239158626425963        0.0217195690122386          0.01689733214053                         0
                         0                         0                         0         0.018342505686589                         0                         0                         0


val(:,:,8,7) =

     0     0     0     0     0     0     0
     0     0     0     0     0     0     0
     0     0     0     0     0     0     0
     0     0     0     0     0     0     0
     0     0     0     0     0     0     0
     0     0     0     0     0     0     0
     0     0     0     0     0     0     0


val(:,:,1,8) =

     0     0     0     0     0     0     0
     0     0     0     0     0     0     0
     0     0     0     0     0     0     0
     0     0     0     0     0     0     0
     0     0     0     0     0     0     0
     0     0     0     0     0     0     0
     0     0     0     0     0     0     0


val(:,:,2,8) =

     0     0     0     0     0     0     0
     0     0     0     0     0     0     0
     0     0     0     0     0     0     0
     0     0     0     0     0     0     0
     0     0     0     0     0     0     0
     0     0     0     0     0     0     0
     0     0     0     0     0     0     0


val(:,:,3,8) =

     0     0     0     0     0     0     0
     0     0     0     0     0     0     0
     0     0     0     0     0     0     0
     0     0     0     0     0     0     0
     0     0     0     0     0     0     0
     0     0     0     0     0     0     0
     0     0     0     0     0     0     0


val(:,:,4,8) =

     0     0     0     0     0     0     0
     0     0     0     0     0     0     0
     0     0     0     0     0     0     0
     0     0     0     0     0     0     0
     0     0     0     0     0     0     0
     0     0     0     0     0     0     0
     0     0     0     0     0     0     0


val(:,:,5,8) =

     0     0     0     0     0     0     0
     0     0     0     0     0     0     0
     0     0     0     0     0     0     0
     0     0     0     0     0     0     0
     0     0     0     0     0     0     0
     0     0     0     0     0     0     0
     0     0     0     0     0     0     0


val(:,:,6,8) =

     0     0     0     0     0     0     0
     0     0     0     0     0     0     0
     0     0     0     0     0     0     0
     0     0     0     0     0     0     0
     0     0     0     0     0     0     0
     0     0     0     0     0     0     0
     0     0     0     0     0     0     0


val(:,:,7,8) =

     0     0     0     0     0     0     0
     0     0     0     0     0     0     0
     0     0     0     0     0     0     0
     0     0     0     0     0     0     0
     0     0     0     0     0     0     0
     0     0     0     0     0     0     0
     0     0     0     0     0     0     0


val(:,:,8,8) =

                         0                         0                         0        0.0185557804095508                         0                         0                         0
                         0        0.0171463844327465        0.0215367991529572        0.0235305709120216        0.0215367991529572        0.0171463844327465                         0
                         0        0.0215367991529572        0.0270404177745793        0.0295546100315624        0.0270404177745793        0.0215367991529572                         0
        0.0185557804095508        0.0235305709120216        0.0295546100315624        0.0322495430100401        0.0295546100315624        0.0235305709120216        0.0185557804095508
                         0        0.0215367991529572        0.0270404177745793        0.0295546100315624        0.0270404177745793        0.0215367991529572                         0
                         0        0.0171463844327465        0.0215367991529572        0.0235305709120216        0.0215367991529572        0.0171463844327465                         0
                         0                         0                         0        0.0185557804095508                         0                         0                         0

